$ 1 0.000005 10.20027730826997 50 5 43 5e-11
150 432 96 512 96 0 2 5 5
193 304 80 352 80 2 5
193 544 96 592 96 2 0
193 784 80 832 80 2 0
193 1104 48 1152 48 2 0
150 672 80 752 80 0 2 0 5
150 896 64 976 64 0 2 0 5
150 896 0 976 0 0 2 0 5
152 1008 48 1088 48 0 2 0 5
w 1088 48 1104 48 0
w 976 64 1008 64 0
w 976 0 992 0 0
w 992 0 992 32 0
w 992 32 1008 32 0
w 896 80 880 80 0
w 784 80 752 80 0
w 672 96 640 96 0
w 544 96 512 96 0
w 432 80 400 80 0
w 896 48 784 48 0
w 784 48 784 80 0
w 432 112 416 112 0
w 416 112 416 208 0
w 416 208 1232 208 0
w 1232 208 1232 112 0
w 1232 112 1200 112 0
w 896 16 432 16 0
w 432 16 432 80 0
w 896 -16 896 -48 0
w 896 -48 1200 -48 0
w 1200 48 1200 -48 0
w 672 64 672 16 0
w 672 16 432 16 0
w 256 80 304 80 0
w 240 240 288 240 0
w 288 240 304 240 0
w 544 128 544 240 0
w 784 112 784 240 0
w 784 240 544 240 0
w 544 240 304 240 0
w 1104 80 1104 240 0
w 1104 240 784 240 0
w 400 80 400 -80 0
w 640 96 640 -80 0
w 880 80 880 -80 0
w 304 112 304 240 0
157 1504 -16 1600 -16 0 7 0 0
197 1360 -16 1456 -16 0
w 880 -80 1200 -80 0
w 640 -80 640 -112 0
w 640 -112 1200 -112 0
w 400 -80 400 -144 0
w 400 -144 1200 -144 0
w 1488 -16 1504 -16 0
w 1504 16 1488 16 0
w 1504 48 1488 48 0
w 1488 80 1504 80 0
w 1488 112 1568 112 0
w 1488 144 1584 144 0
w 1584 144 1600 112 0
w 1488 176 1584 176 0
w 1584 176 1600 176 0
w 1600 176 1632 128 0
w 1632 128 1632 112 0
w 1200 48 1360 -16 0
w 1200 -80 1360 16 0
w 1200 -112 1360 48 0
w 1200 -144 1360 80 0
R 240 240 192 240 1 2 400 2.5 2.5 0 0.5
x 1400 -45 1449 -42 4 24 Bto7
x 1400 -685 1449 -682 4 24 Bto7
w 1200 -784 1360 -560 0
w 1200 -752 1360 -592 0
w 1200 -720 1360 -624 0
w 1200 -592 1360 -656 0
w 1632 -512 1632 -528 0
w 1600 -464 1632 -512 0
w 1584 -464 1600 -464 0
w 1488 -464 1584 -464 0
w 1584 -496 1600 -528 0
w 1488 -496 1584 -496 0
w 1488 -528 1568 -528 0
w 1488 -560 1504 -560 0
w 1504 -592 1488 -592 0
w 1504 -624 1488 -624 0
w 1488 -656 1504 -656 0
w 400 -784 1200 -784 0
w 400 -720 400 -784 0
w 640 -752 1200 -752 0
w 640 -720 640 -752 0
w 880 -720 1200 -720 0
197 1360 -656 1456 -656 0
157 1504 -656 1600 -656 0 7 0 0
w 240 -528 240 -400 0
w 880 -560 880 -720 0
w 640 -544 640 -720 0
w 400 -560 400 -720 0
w 1104 -400 784 -400 0
w 1104 -560 1104 -400 0
w 544 -400 304 -400 0
w 784 -400 544 -400 0
w 784 -528 784 -400 0
w 544 -512 544 -400 0
w 288 -400 304 -400 0
w 240 -400 288 -400 0
w 256 -560 304 -560 0
w 672 -624 432 -624 0
w 672 -576 672 -624 0
w 1200 -592 1200 -688 0
w 896 -688 1200 -688 0
w 896 -656 896 -688 0
w 432 -624 432 -560 0
w 896 -624 432 -624 0
w 1232 -528 1200 -528 0
w 1232 -432 1232 -528 0
w 416 -432 1232 -432 0
w 416 -528 416 -432 0
w 432 -528 416 -528 0
w 784 -592 784 -560 0
w 896 -592 784 -592 0
w 432 -560 400 -560 0
w 544 -544 512 -544 0
w 672 -544 640 -544 0
w 784 -560 752 -560 0
w 896 -560 880 -560 0
w 992 -608 1008 -608 0
w 992 -640 992 -608 0
w 976 -640 992 -640 0
w 976 -576 1008 -576 0
w 1088 -592 1104 -592 0
152 1008 -592 1088 -592 0 2 0 5
150 896 -640 976 -640 0 2 0 5
150 896 -576 976 -576 0 2 0 5
150 672 -560 752 -560 0 2 0 5
193 1104 -592 1152 -592 2 0
193 784 -560 832 -560 2 5
193 544 -544 592 -544 2 5
193 304 -560 352 -560 6 0
150 432 -544 512 -544 0 2 0 5
w 240 -400 144 -400 0
w 240 -528 304 -528 0
R 256 80 208 80 0 0 40 5 0 0 0.5
R 256 -560 208 -560 0 0 40 5 0 0 0.5
w 416 208 128 208 0
w 128 208 128 -400 0
w 128 -400 144 -400 0
R 272 -1104 224 -1104 0 0 40 5 0 0 0.5
w 256 -1072 320 -1072 0
w 256 -944 160 -944 0
150 448 -1088 528 -1088 0 2 0 5
193 320 -1104 368 -1104 6 0
193 560 -1088 608 -1088 2 5
193 800 -1104 848 -1104 2 5
193 1120 -1136 1168 -1136 2 0
150 688 -1104 768 -1104 0 2 0 5
150 912 -1120 992 -1120 0 2 0 5
150 912 -1184 992 -1184 0 2 0 5
152 1024 -1136 1104 -1136 0 2 0 5
w 1104 -1136 1120 -1136 0
w 992 -1120 1024 -1120 0
w 992 -1184 1008 -1184 0
w 1008 -1184 1008 -1152 0
w 1008 -1152 1024 -1152 0
w 912 -1104 896 -1104 0
w 800 -1104 768 -1104 0
w 688 -1088 656 -1088 0
w 560 -1088 528 -1088 0
w 448 -1104 416 -1104 0
w 912 -1136 800 -1136 0
w 800 -1136 800 -1104 0
w 448 -1072 432 -1072 0
w 432 -1072 432 -976 0
w 432 -976 1248 -976 0
w 1248 -976 1248 -1072 0
w 1248 -1072 1216 -1072 0
w 912 -1168 448 -1168 0
w 448 -1168 448 -1104 0
w 912 -1200 912 -1232 0
w 912 -1232 1216 -1232 0
w 1216 -1136 1216 -1232 0
w 688 -1120 688 -1168 0
w 688 -1168 448 -1168 0
w 272 -1104 320 -1104 0
w 256 -944 304 -944 0
w 304 -944 320 -944 0
w 560 -1056 560 -944 0
w 800 -1072 800 -944 0
w 800 -944 560 -944 0
w 560 -944 320 -944 0
w 1120 -1104 1120 -944 0
w 1120 -944 800 -944 0
w 416 -1104 416 -1264 0
w 656 -1088 656 -1264 0
w 896 -1104 896 -1264 0
w 256 -1072 256 -944 0
157 1520 -1200 1616 -1200 0 7 0 0
197 1376 -1200 1472 -1200 0
w 896 -1264 1216 -1264 0
w 656 -1264 656 -1296 0
w 656 -1296 1216 -1296 0
w 416 -1264 416 -1328 0
w 416 -1328 1216 -1328 0
w 1504 -1200 1520 -1200 0
w 1520 -1168 1504 -1168 0
w 1520 -1136 1504 -1136 0
w 1504 -1104 1520 -1104 0
w 1504 -1072 1584 -1072 0
w 1504 -1040 1600 -1040 0
w 1600 -1040 1616 -1072 0
w 1504 -1008 1600 -1008 0
w 1600 -1008 1616 -1008 0
w 1616 -1008 1648 -1056 0
w 1648 -1056 1648 -1072 0
w 1216 -1136 1376 -1200 0
w 1216 -1264 1376 -1168 0
w 1216 -1296 1376 -1136 0
w 1216 -1328 1376 -1104 0
x 1416 -1229 1465 -1226 4 24 Bto7
w 416 -432 128 -432 0
w 128 -432 128 -944 0
w 128 -944 160 -944 0
L -160 144 -272 144 0 0 false 5 0
w 304 144 -160 144 0
w 544 160 496 160 0
w 496 160 496 176 0
w 496 176 320 176 0
w 320 176 304 144 0
w 784 144 752 144 0
w 752 144 752 176 0
w 752 192 496 192 0
w 1104 112 1072 112 0
w 1072 112 1072 176 0
w 1072 192 752 192 0
w 752 176 752 192 0
w 1072 176 1072 192 0
w 496 192 496 176 0
x -209 129 -161 132 4 24 RST
