$ 1 0.000005 10.634267539816555 50 5 50 5e-11
L -256 304 -288 304 0 0 false 5 0
L -256 48 -288 48 0 1 false 5 0
155 -80 96 0 96 0 5
155 112 96 192 96 0 0
155 304 96 384 96 0 0
w -80 128 -112 128 0
w -112 128 -112 48 0
w 112 128 80 128 0
w 80 128 80 48 0
w 304 128 272 128 0
w 272 128 272 48 0
w -112 48 80 48 0
w 80 48 272 48 0
w 208 288 400 288 0
w 16 288 208 288 0
w 400 368 400 288 0
w 432 368 400 368 0
w 208 368 208 288 0
w 240 368 208 368 0
w 48 368 16 368 0
155 432 336 512 336 0 5
155 240 336 320 336 0 0
155 48 336 128 336 0 0
w -112 48 -176 48 0
w -256 48 -176 48 0
x -374 55 -328 58 4 24 CLK
x -381 312 -332 315 4 24 ENA
L -80 0 -112 0 0 1 false 5 0
L 112 0 80 0 0 0 false 5 0
L 304 0 272 0 0 0 false 5 0
w -80 0 -80 96 0
w 112 0 112 96 0
w 304 0 304 96 0
w -256 304 -208 304 0
w -208 304 -96 304 0
150 -96 288 -16 288 0 2 0 5
I -160 272 -112 272 0 0.5 5
w -176 96 -176 48 0
w -16 288 16 288 0
w -112 272 -96 272 0
w -160 272 -176 272 0
w -176 272 -176 96 0
w 16 96 32 96 0
w 32 96 32 336 0
w 32 336 48 336 0
w 208 96 224 96 0
w 224 96 224 336 0
w 224 336 240 336 0
w 400 96 416 96 0
w 416 96 416 336 0
w 416 336 432 336 0
w 16 368 16 288 0
M 160 432 160 464 0 2.5
w 160 432 160 336 0
w 144 336 160 336 0
w 352 432 352 336 0
M 352 432 352 464 0 2.5
w 352 336 336 336 0
w 544 432 544 336 0
M 544 432 544 464 0 2.5
w 528 336 544 336 0
